14,89
14,88
14,87
14,86
14,85
14,4
14,8
14,7
14,6
14,5
14,2
13,4
13,3
13,2
13,1
13,0
12,11
12,10
12,9
12,8
12,7
12,6
12,5
12,4
12,3
12,2
12,1
12,0
11,5
11,4
11,3
11,2
11,1
11,0
10,4
10,3
10,2
10,1
10,0
9,5
9,4
9,3
9,2
9,1
9,0
8,5
8,4
8,3
8,2
8,1
8,0
7,5
7,4
7,3
7,2
7,1
7,0
6,5
6,4
6,3
6,2
6,1
6,0
5,6
5,5
5,4
5,3
5,2
5,1
5,0
4,3
4,2
4,1
4,0
3,6
3,5
3,4
3,3
3,2
3,1
3,0
2,8
2,7
2,6
2,5
2,4
2,3
2,2
2,1
2,0
1,3
1,2
1,1
1,0
0,446
0,441
0,439
0,437
0,430
0,408
0,395
0,385
0,378
0,370
0,369
0,322
0,319
0,314
0,243
14,1
14,29
14,3
14,0
0,9
0,310
0,305
0,308
0,304
0,303
0,302
0,307
0,12
0,428
0,10
0,8
0,0
0,427
0,300
0,444
0,299
0,420
0,298
0,414
0,297
0,361
0,296
0,396
0,295
0,418
0,294
0,426
0,293
0,435
0,292
0,422
0,291
0,404
0,290
0,429
0,289
0,424
0,288
0,360
0,287
0,416
0,286
0,390
0,285
0,387
0,284
0,415
0,283
0,401
0,282
0,436
0,281
0,413
0,280
0,421
0,279
0,412
0,278
0,411
0,277
0,443
0,276
0,359
0,275
14,9
14,10
14,12
14,13
14,15
14,16
14,18
14,20
14,21
14,23
14,24
14,26
14,28
14,30
14,32
14,33
14,35
14,36
14,65
14,67
14,68
14,70
14,71
14,73
14,75
14,76
14,78
14,79
14,81
14,82
14,84
15,1
15,2
15,4
15,5
15,7
15,9
15,10
15,12
15,13
15,15
15,16
15,18
15,20
15,21
15,23
15,24
15,26
15,28
15,29
15,31
15,32
15,34
15,36
15,37
15,39
15,40
15,42
15,43
15,45
15,47
15,48
15,50
15,51
15,53
15,55
15,56
15,58
15,59
15,61
15,64
15,66
15,68
15,69
15,71
15,72
15,74
15,76
15,77
15,79
15,80
15,82
15,83
15,85
15,87
15,88
15,90
15,91
15,93
15,95
15,96
15,98
15,99
15,101
15,103
15,104
15,106
15,107
15,109
15,110
15,112
15,114
15,115
15,117
15,118
15,120
15,122
15,123
15,125
15,126
15,128
15,129
15,131
15,133
15,134
15,136
15,137
15,139
15,141
15,142
15,144
15,145
15,147
15,148
15,150
15,152
15,153
15,155
15,156
15,158
15,160
15,161
15,163
15,164
15,166
15,167
15,169
15,171
15,172
15,174
15,175
15,177
15,179
15,180
15,182
15,183
15,185
15,193
15,194
15,196
15,197
15,199
15,200
15,202
15,204
15,205
15,207
15,208
15,210
15,212
15,213
16,0
16,1
16,3
16,4
16,6
16,8
16,9
16,11
16,12
16,14
16,16
16,17
16,19
16,20
16,22
16,23
16,25
16,27
16,28
16,30
16,31
16,33
16,35
16,36
16,38
16,39
17,0
17,2
17,3
18,0
18,1
18,3
18,4
19,0
19,2
19,3
20,0
20,1
20,3
20,5
20,6
21,1
21,2
21,4
22,0
22,2
22,4
22,5
23,1
23,2
23,4
23,6
23,7
24,1
24,2
24,4
24,5
25,1
25,3
26,0
26,2
26,3
26,5
27,1
27,2
28,0
28,1
28,3
28,4
29,1
29,3
29,4
30,0
30,1
30,3
31,0
31,1
31,3
31,4
33,1
33,3
33,4
34,0
34,1
34,3
34,4
34,6
35,1
35,2
35,4
35,5
36,1
36,3
37,0
37,2
37,3
37,5
38,0
38,2
38,4
38,5
38,7
39,0
39,2
39,4
40,0
40,2
40,3
40,1
39,3
39,1
38,6
38,3
38,1
37,4
37,1
36,2
36,0
35,3
35,0
34,5
34,2
33,5
33,2
33,0
31,2
30,4
30,2
29,5
29,2
29,0
28,2
27,3
27,0
26,4
26,1
25,2
25,0
24,3
24,0
23,5
23,3
23,0
22,3
22,1
21,3
21,0
20,4
20,2
19,4
19,1
18,5
18,2
17,4
17,1
16,64
16,37
16,34
16,32
16,29
16,26
16,24
16,21
16,18
16,15
16,13
16,10
16,7
16,5
16,2
15,214
15,211
15,209
15,206
15,203
15,201
15,198
15,195
15,192
15,184
15,181
15,178
15,176
15,173
15,170
15,168
15,165
15,162
15,159
15,157
15,154
15,151
15,149
15,146
15,143
15,140
15,138
15,135
15,132
15,130
15,127
15,124
15,121
15,119
15,116
15,113
15,111
15,108
15,105
15,102
15,100
15,97
15,94
15,92
15,89
15,86
15,84
15,81
15,78
15,75
15,73
15,70
15,67
15,65
15,60
15,57
15,54
15,52
15,49
15,46
15,44
15,41
15,38
15,35
15,33
15,30
15,27
15,25
15,22
15,19
15,17
15,14
15,11
15,8
15,6
15,3
15,0
14,83
14,80
14,77
14,74
14,72
14,69
14,66
14,64
14,34
14,31
14,27
14,25
14,22
14,19
14,17
14,14
14,11
0,366
0,274
0,442
0,273
0,317
0,272
0,336
0,271
0,402
0,270
0,320
0,269
0,376
0,268
0,318
0,267
0,363
0,266
0,348
0,265
0,388
0,264
0,440
0,263
0,329
0,262
0,393
0,261
0,382
0,260
0,368
0,259
0,383
0,258
0,358
0,257
0,316
0,256
0,365
0,255
0,386
0,254
0,391
0,253
0,398
0,252
0,354
0,251
0,309
0,250
0,341
0,249
0,357
0,248
0,355
0,247
0,330
0,246
0,433
0,245
0,410
0,244
0,323
0,242
0,381
0,241
0,306
0,240
0,373
0,239
0,379
0,238
0,333
0,237
0,315
0,236
0,389
0,235
0,409
0,234
0,350
0,233
0,232
0,326
0,231
0,346
0,230
0,342
0,229
0,313
0,228
0,325
0,227
0,312
0,226
0,372
0,225
0,405
0,224
0,397
0,223
0,431
0,222
0,347
0,221
0,434
0,220
0,394
0,219
0,406
0,218
0,311
0,217
0,447
0,216
0,345
0,215
0,425
0,214
0,340
0,213
0,417
0,212
0,403
0,211
0,332
0,210
0,301
0,209
0,407
0,208
0,344
0,207
0,343
0,206
0,367
0,205
0,380
0,204
0,392
0,203
0,349
0,202
0,339
0,201
0,338
0,200
0,377
0,199
0,335
0,198
0,334
0,197
0,400
0,196
0,384
0,195
0,331
0,194
0,399
0,193
0,375
0,192
0,351
0,63
0,327
0,62
0,352
0,61
0,60
0,324
0,59
0,371
0,58
0,321
0,57
0,328
0,56
0,337
0,55
0,353
0,54
0,53
0,438
0,52
0,432
0,51
0,423
0,50
0,419
0,49
0,356
0,48
0,445
0,47
0,364
0,46
0,362
0,45
0,374
0,6
0,5
0,1
0,11
0,4
0,2
0,3
0,7
